2 43 7
47
1 13 1 14 4
2 21 2 20 6
2 27 2 26 5
1 12 1 11 2
2 13 3 13 0
2 24 3 24 5
1 24 2 24 5
1 30 2 30 1
2 21 3 21 1
1 11 2 11 2
2 26 2 25 2
2 18 2 17 5
2 4 3 4 2
2 18 2 19 1
2 2 3 2 6
2 32 2 33 1
2 41 1 41 1
2 3 2 4 6
1 15 2 15 2
1 37 1 38 6
2 19 3 19 6
2 38 3 38 1
2 17 3 17 0
1 5 1 4 6
1 2 0 2 0
1 4 1 3 5
2 24 2 25 6
2 10 2 11 1
2 17 2 18 0
1 12 1 13 0
1 1 1 2 3
1 26 0 26 4
1 32 2 32 2
1 2 2 2 5
2 8 1 8 6
2 25 3 25 1
1 37 2 37 4
2 29 3 29 3
2 33 3 33 2
1 26 1 27 3
1 25 1 26 4
2 10 1 10 4
2 43 1 43 0
2 25 1 25 4
1 2 2 2 4
2 28 2 27 0
1 3 2 3 4
10
1 3 1
1 37 4
2 7 6
2 41 6
1 7 3
1 4 3
1 24 1
2 42 6
2 14 2
1 22 4
47 22 10
2
23 12 24 12 5
47 10 47 9 0
4
39 14 1
26 15 4
11 19 4
20 10 6
8 36 7
27
2 4 2 5 2
5 22 5 21 1
5 24 5 23 0
4 8 3 8 6
2 15 2 14 2
4 10 4 9 6
6 32 7 32 4
1 2 1 3 2
5 9 4 9 3
3 22 4 22 6
4 32 3 32 3
6 25 6 24 0
1 26 2 26 5
4 8 5 8 3
6 7 5 7 1
2 27 1 27 6
1 16 0 16 2
6 18 6 17 1
7 31 7 32 6
8 3 9 3 3
4 15 3 15 0
6 2 6 1 4
4 34 3 34 3
6 25 6 24 3
6 5 6 6 2
8 4 9 4 3
3 23 3 22 2
9
1 7 5
6 16 6
1 36 1
8 8 6
1 29 3
3 34 4
7 32 1
8 9 3
7 18 2
42 11 4
1
35 8 36 8 2
6
38 2 4
4 6 4
31 2 5
41 11 2
1 4 6
2 4 2
22 18 9
17
19 5 19 4 6
19 17 18 17 0
21 5 21 4 7
5 16 5 15 4
9 15 9 14 2
19 4 18 4 4
12 14 11 14 5
13 9 13 8 4
3 1 4 1 6
11 3 10 3 7
8 8 7 8 6
10 12 10 13 4
21 2 21 1 6
13 6 12 6 1
14 5 15 5 5
14 1 14 2 3
4 18 4 19 4
7
11 2 2
2 3 3
3 15 1
7 15 2
14 3 6
14 10 5
12 6 1
34 19 2
25
10 10 11 10 1
32 3 31 3 0
21 6 21 7 0
12 11 12 10 1
31 10 30 10 0
32 8 31 8 1
30 11 31 11 1
12 18 12 17 0
11 2 11 1 1
26 2 26 1 0
34 13 34 12 1
11 19 11 18 1
10 17 11 17 1
29 3 29 2 0
11 7 11 8 0
6 6 7 6 0
27 12 27 11 0
22 14 23 14 0
5 9 5 8 1
22 5 23 5 1
11 6 10 6 0
20 7 21 7 0
10 2 10 1 1
34 6 34 5 0
18 18 18 19 1
5
3 2 5
3 5 2
14 17 4
32 7 4
28 15 4
50 44 4
13
39 14 40 14 2
48 23 48 24 1
8 17 8 18 1
6 21 6 22 1
41 21 41 20 2
50 42 51 42 2
27 17 27 16 2
2 6 2 5 2
48 22 47 22 0
34 38 33 38 2
10 35 11 35 0
25 13 26 13 1
45 27 45 26 3
3
15 40 4
14 10 6
16 29 7
43 44 1
47
8 16 7 16 0
24 5 24 6 0
34 38 34 37 0
34 6 35 6 0
1 10 1 9 0
20 10 20 11 0
3 19 4 19 0
17 30 17 31 0
38 27 38 28 0
23 6 24 6 0
29 41 29 40 0
17 22 18 22 0
6 36 6 37 0
29 36 29 35 0
9 42 9 41 0
2 8 1 8 0
9 35 9 36 0
15 35 15 36 0
43 15 43 14 0
39 9 38 9 0
16 35 16 34 0
2 24 3 24 0
33 41 33 42 0
3 14 2 14 0
19 11 19 10 0
11 6 11 7 0
22 28 23 28 0
12 16 12 15 0
21 23 21 22 0
36 1 36 0 0
43 6 42 6 0
17 40 17 39 0
35 12 35 11 0
17 43 17 42 0
43 7 44 7 0
22 27 22 28 0
14 7 13 7 0
14 39 14 40 0
13 13 12 13 0
7 5 6 5 0
33 33 32 33 0
6 13 6 14 0
13 21 12 21 0
28 13 28 14 0
35 4 34 4 0
36 27 37 27 0
3 4 2 4 0
5
17 38 7
35 38 7
11 37 4
10 18 4
20 34 5
8 27 6
15
4 18 5 18 4
2 9 2 10 4
2 10 2 11 3
5 20 5 19 3
2 13 1 13 2
7 11 7 10 2
2 3 3 3 4
8 18 9 18 0
7 17 6 17 5
7 22 7 21 2
7 6 7 5 5
5 21 5 22 3
5 6 5 7 1
6 15 5 15 2
8 27 8 28 5
2
3 1 1
2 6 2
45 45 6
23
5 9 6 9 2
30 27 31 27 0
26 2 27 2 5
18 23 17 23 0
44 21 43 21 0
26 41 26 40 4
14 6 14 5 4
40 32 40 33 0
20 6 19 6 1
12 20 12 19 4
37 9 38 9 1
40 2 40 1 0
31 7 32 7 1
32 6 32 5 5
42 1 42 0 0
44 15 44 16 3
16 16 17 16 3
29 29 29 30 1
29 17 28 17 5
8 25 8 24 3
31 39 30 39 2
40 28 40 29 4
43 10 43 9 0
4
40 34 1
33 12 2
15 4 6
37 6 4
43 17 9
36
42 11 43 11 4
33 13 32 13 2
4 8 5 8 1
37 8 38 8 5
19 15 20 15 4
16 13 16 12 1
27 9 28 9 1
39 1 39 2 4
4 16 4 17 4
3 9 2 9 8
34 5 34 4 8
43 3 43 2 6
34 5 33 5 3
41 9 41 10 2
43 2 43 1 4
16 17 15 17 5
14 6 14 5 4
43 5 44 5 4
39 12 39 11 3
27 9 28 9 8
2 9 1 9 3
20 5 19 5 0
29 13 29 12 4
15 14 15 15 5
29 8 30 8 8
43 17 42 17 4
7 12 6 12 6
10 5 11 5 0
5 15 6 15 7
41 11 42 11 0
13 13 12 13 8
2 6 2 7 4
4 11 5 11 1
27 12 26 12 1
9 8 10 8 3
17 7 17 8 2
3
4 5 8
28 4 4
39 13 1
