5 29
20 38 60 92 39 
9 2 52 40 11 
20 19
81 47 82 21 21 83 25 73 51 15 37 78 55 14 41 78 92 71 7 41 
71 47 37 1 2 42 3 26 35 12 17 14 10 5 17 74 80 15 6 1 
16 9
100 28 63 100 91 72 2 30 32 29 81 38 44 4 96 59 
26 21 25 71 55 41 1 28 32 7 18 22 11 4 86 47 
3 88
73 8 39 
20 3 26 
15 54
44 12 63 26 7 82 101 21 45 33 3 75 72 60 72 
36 8 22 17 5 41 93 14 23 8 1 41 24 40 54 
19 41
71 70 15 26 28 22 73 60 89 42 93 89 71 45 91 4 29 19 21 
42 39 15 9 19 20 16 42 69 16 52 29 13 3 6 2 20 10 18 
5 25
28 22 15 47 58 
20 6 12 1 54 
1 93
52 
30 
