43
5249 8624 16912 312
19704 5223 14148 -240
9626 9915 29072 991
26260 16032 30352 133
9159 12124 15173 132
8196 2478 8046 1000
13252 8229 21460 82
21870 671 11820 50
28599 6319 24708 949
17854 16432 26497 274
31569 25594 30503 -877
10044 25139 26143 545
28863 3457 31285 837
16829 22790 32234 704
15770 7251 15034 316
13179 13816 29221 -365
26926 8252 27770 575
17112 4244 8245 234
6613 5204 19168 741
3735 5100 21815 315
5434 5825 13926 -454
24405 12920 16478 466
30650 12502 22580 173
8255 15569 18976 800
2371 18682 30974 -556
27232 16049 20576 881
31330 7323 19654 712
25849 4012 18799 -739
599 18724 25099 141
22207 4526 23134 -692
24432 6448 26121 285
28407 991 1116 814
11511 2946 23805 788
23237 632 10796 115
28276 5960 26837 -211
31274 14831 15480 290
9753 18058 26838 387
18821 14271 32644 -556
23693 28348 28477 558
10133 14660 23009 206
14959 15906 30857 856
21833 819 12635 675
18510 27578 29371 915
34
11268 10920 26343 125
4745 13919 23838 894
17979 20289 30572 -649
18653 18895 21224 -600
20788 10361 12509 -592
4606 9481 21171 -284
6909 2569 22236 945
6203 11986 25931 588
6047 5032 18989 253
4775 16083 17054 935
30480 4095 13516 208
5386 16731 28451 578
27083 11789 24523 633
25039 17874 30325 636
18000 3211 18484 621
16886 15898 29996 292
23511 4818 8698 312
31829 3304 19328 205
4848 3599 30220 274
3247 3626 28900 494
6910 25409 25739 674
1122 2047 21689 553
23450 13595 22254 673
22978 8135 11978 -573
17250 15922 23064 -673
10331 4079 28826 -278
27091 19984 21456 -496
21419 2784 29767 298
24584 8746 25067 259
28439 8506 17306 211
3233 4291 30257 194
4393 2182 24115 825
6432 5831 9272 -808
7507 28315 30295 481
9
14178 730 4756 647
1352 6128 10229 -403
10638 2144 3756 719
16323 14991 30482 150
6938 29192 30382 1
16048 10580 25342 -466
12810 10600 22361 40
32057 5508 15616 895
331 11372 18569 354
46
23411 1942 7833 808
1918 7722 27328 638
399 8719 10722 156
27823 22976 23416 176
24106 17087 26631 -808
13514 13696 27637 -629
12023 7729 19142 636
27585 25944 30490 778
21465 16727 23294 523
1445 11485 18556 -731
8883 14620 16784 774
7099 300 21661 290
25995 5591 11827 263
1662 26269 28347 -335
23422 2411 20616 863
27508 2958 25720 -550
7764 22053 22574 389
3577 23438 32502 -362
27058 2545 20059 374
21610 32218 32483 812
15942 15783 20194 564
3930 13648 20298 -859
2647 2898 18182 513
14013 14189 28923 769
12964 1750 28504 919
4387 17588 27941 964
22904 24821 27860 949
9082 8248 18377 -367
26454 509 16294 276
27641 21183 30105 -207
28598 10279 29367 906
22811 1841 3300 144
26014 18825 25305 260
13773 10927 15923 -146
32544 5011 24003 147
30284 1543 17238 519
29706 413 2323 -652
32057 1656 31951 370
17219 13171 19838 -159
9968 14164 28552 905
11178 14059 32757 -95
14633 18397 23649 999
22654 5478 22519 214
20325 9587 23548 -63
13956 12480 18240 580
4284 6554 15131 -430
