1 6 0 1061109567
6 10 1 1061109567
10 5 0 1061109567
1 7 0 1061109567
7 11 1 1061109567
11 0 0 1061109567
2 8 0 1061109567
8 12 1 1061109567
12 4 0 1061109567
3 9 0 1061109567
9 13 1 1061109567
13 2 0 1061109567
14 1 0 1061109567
14 2 0 1061109567
14 3 0 1061109567
14 4 0 1061109567
4 15 0 1061109567
14 5 0 1061109567
5 15 0 1061109567
15 14 0 1061109567
0 0 0
1 6 1061109567
6 10 1061109566
10 5 1061109567
1 7 1061109567
7 11 1061109566
11 0 1061109567
2 8 1061109567
8 12 1061109566
12 4 1061109567
3 9 1061109567
9 13 1061109566
13 2 1061109567
14 1 1061109567
14 2 1061109567
14 3 1061109567
14 4 1061109567
4 15 1061109567
14 5 1061109567
5 15 1061109567
15 14 1061109567
6 16 1
7 16 1
8 16 1
9 16 1
0 10 1
0 11 1
0 12 1
0 13 1
0
