217930.50
217930.50
217930.50
216553.21
216553.21
216553.21
216135.06
216135.06
216135.06
216068.63
216068.63
211684.91
211498.22
211498.22
211498.22
211498.22
211498.22
211498.22
211040.03
211040.03
211040.03
211040.03
211040.03
211040.03
211040.03
211040.03
211040.03
211040.03
211040.03
211040.03
211040.03
211040.03
208857.75
208857.75
208857.75
208857.75
208857.75
208857.70
204571.82
204571.82
204571.82
204571.82
204571.82
204571.82
204571.82
204355.23
204355.23
204355.23
204281.77
204281.77
204281.77
201256.26
201256.26
201256.26
201256.26
196521.10
196401.27
193083.67
193083.67
193083.67
193083.67
193083.67
193083.67
193083.08
193083.08
193083.08
193083.08
192979.18
192979.18
192979.18
192979.18
192979.18
192979.18
192979.18
192979.18
192979.18
192777.15
191387.45
190743.61
190743.61
190743.61
190743.61
188454.03
188453.01
186699.41
186699.41
186699.41
186699.28
186699.28
186699.28
186699.28
186699.28
186699.28
186691.01
185095.36
185095.36
185095.36
185095.36
185095.36
185095.36
185095.36
185095.36
184831.95
184827.14
184827.14
184827.14
184827.14
184827.14
183652.78
183652.78
168227.57
168227.57
168227.57
168227.57
168227.57
168227.57
168227.57
168227.57
168227.57
168227.57
168227.57
168227.57
168227.57
168227.57
168224.76
168224.76
168224.76
168224.76
168224.76
168224.76
165355.34
165355.34
165355.34
160458.71
160458.71
156087.86
156087.86
156087.86
156087.86
156087.86
152081.64
152081.64
151632.65
151632.65
151632.65
151586.40
149641.62
149641.62
149641.62
149641.62
149641.62
149641.62
146516.39
146516.39
145015.31
145015.31
145015.31
145015.31
145015.31
145015.31
145015.31
145015.31
145015.31
145015.31
145014.43
145014.43
145009.23
145009.23
145009.23
145009.23
145009.23
143919.04
143919.04
143919.04
143919.04
143919.04
143911.53
143911.53
143911.53
143911.53
143911.53
143911.53
143911.53
142186.05
142186.05
142186.05
142186.05
142186.05
142163.31
142163.31
142163.31
142163.31
142163.31
142163.31
142163.31
140680.84
140680.84
140680.84
140680.84
140680.84
140680.84
140680.84
138256.07
138256.07
138256.07
138256.07
138256.07
138256.07
138238.92
138238.92
138238.92
138238.92
137032.52
137032.42
137032.42
137032.42
137026.96
131153.55
112247.04
111814.43
106817.18
106817.18
104757.37
91590.71
91590.71
91547.87
91547.87
91547.87
77086.79
77086.79
72216.87
72209.69
72209.69
72209.69
56804.56
56804.56
56804.56
56804.56
56804.56
56804.56
56804.56
56804.56
56804.56
56804.56
54383.40
54383.40
54383.40
54383.40
54383.40
52069.99
